Carico (N)	Deformazione (mm)	Sforzo (MPa)
		
4.3079	0.22266	0.29062
10.171	0.64211	0.68616
14.726	1.0610	0.99344
19.359	1.4800	1.3060
23.935	1.8989	1.6147
29.233	2.3177	1.9721
34.934	2.7361	2.3568
40.154	3.1552	2.7089
45.531	3.5742	3.0716
50.979	3.9933	3.4392
56.217	4.4123	3.7926
61.291	4.8314	4.1349
66.306	5.2504	4.4732
71.423	5.6695	4.8184
75.966	6.0885	5.1248
80.312	6.5076	5.4181
84.694	6.9266	5.7137
88.043	7.3457	5.9396
91.430	7.7647	6.1681
94.473	8.1837	6.3734
96.645	8.6028	6.5199
99.294	9.0218	6.6986
101.54	9.4409	6.8499
103.59	9.8599	6.9882
105.23	10.279	7.0989
105.64	10.698	7.1270
106.35	11.117	7.1750
106.83	11.536	7.2069
106.41	11.955	7.1787
105.80	12.374	7.1374
104.62	12.794	7.0583
103.23	13.213	6.9640
102.06	13.632	6.8852
101.02	14.051	6.8149
100.91	14.470	6.8075
101.30	14.889	6.8339
101.21	15.308	6.8279
102.11	15.727	6.8889
102.10	16.146	6.8879
101.91	16.565	6.8754
102.83	16.984	6.9372
102.37	17.404	6.9061
102.33	17.823	6.9036
103.25	18.242	6.9652
103.25	18.662	6.9656
103.38	19.081	6.9743
103.47	19.500	6.9806
103.89	19.918	7.0084
103.86	20.337	7.0067
103.87	20.756	7.0075
104.64	21.175	7.0596
103.99	21.594	7.0155
104.08	22.013	7.0216
104.78	22.431	7.0686
104.38	22.850	7.0420
104.77	23.269	7.0677
104.79	23.688	7.0696
104.82	24.107	7.0713
105.33	24.526	7.1060
105.54	24.945	7.1197
105.53	25.365	7.1197
105.53	25.784	7.1196
105.53	26.203	7.1196
105.53	26.622	7.1196
105.53	27.041	7.1195
105.53	27.460	7.1195
105.53	27.880	7.1196
105.54	28.299	7.1199
105.48	28.718	7.1159
104.59	29.137	7.0557
104.68	29.557	7.0617
104.84	29.976	7.0728
105.48	30.395	7.1162
105.10	30.814	7.0905
105.08	31.233	7.0891
105.09	31.652	7.0900
105.55	32.071	7.1209
105.26	32.490	7.1014
105.49	32.909	7.1167
106.10	33.328	7.1577
106.10	33.747	7.1578
106.51	34.166	7.1854
106.89	34.585	7.2109
107.64	35.004	7.2618
107.44	35.423	7.2479
107.44	35.841	7.2482
107.52	36.260	7.2536
107.73	36.679	7.2680
107.95	37.099	7.2824
108.75	37.518	7.3363
109.00	37.937	7.3533
109.25	38.356	7.3704
109.34	38.775	7.3766
109.35	39.194	7.3771
109.45	39.614	7.3838
109.67	40.033	7.3987
110.19	40.452	7.4337
110.45	40.871	7.4510
110.20	41.290	7.4344
110.78	41.709	7.4736
110.10	42.127	7.4279
110.15	42.547	7.4308
110.68	42.966	7.4669
111.03	43.385	7.4906
111.35	43.804	7.5122
111.46	44.223	7.5191
111.73	44.642	7.5373
111.89	45.061	7.5484
111.40	45.481	7.5152
111.23	45.900	7.5037
111.25	46.318	7.5050
111.15	46.737	7.4986
111.06	47.156	7.4922
111.00	47.575	7.4884
110.89	47.994	7.4812
110.83	48.413	7.4771
111.63	48.832	7.5308
110.83	49.251	7.4771
111.59	49.670	7.5280
111.51	50.089	7.5227
112.61	50.508	7.5967
113.01	50.926	7.6239
113.53	51.345	7.6591
114.05	51.764	7.6944
114.54	52.183	7.7274
114.73	52.603	7.7403
115.50	53.021	7.7918
115.81	53.441	7.8125
116.12	53.860	7.8340
117.09	54.279	7.8989
117.59	54.699	7.9331
117.50	55.118	7.9270
117.86	55.537	7.9509
118.28	55.956	7.9796
118.37	56.375	7.9856
118.29	56.794	7.9798
118.79	57.213	8.0138
119.45	57.633	8.0587
119.98	58.052	8.0943
119.77	58.471	8.0802
119.81	58.890	8.0827
119.84	59.309	8.0849
120.45	59.728	8.1257
120.26	60.148	8.1133
120.36	60.567	8.1196
120.65	60.986	8.1391
120.93	61.405	8.1585
121.49	61.824	8.1959
122.27	62.242	8.2486
122.75	62.661	8.2811
123.15	63.080	8.3077
123.45	63.499	8.3281
123.57	63.918	8.3365
124.45	64.337	8.3959
123.36	64.756	8.3220
123.29	65.174	8.3177
124.01	65.593	8.3659
124.04	66.012	8.3681
124.25	66.430	8.3825
124.99	66.849	8.4323
125.35	67.269	8.4563
125.74	67.688	8.4831
126.17	68.107	8.5118
126.59	68.526	8.5402
126.37	68.945	8.5255
126.89	69.364	8.5605
126.78	69.783	8.5527
127.19	70.202	8.5805
127.61	70.621	8.6087
127.22	71.040	8.5829
127.40	71.459	8.5950
128.09	71.878	8.6414
128.75	72.297	8.6861
129.23	72.717	8.7181
128.89	73.136	8.6952
129.43	73.555	8.7320
129.92	73.974	8.7649
130.47	74.393	8.8019
130.38	74.812	8.7957
130.39	75.231	8.7962
131.61	75.650	8.8790
132.08	76.069	8.9107
132.55	76.488	8.9425
131.94	76.907	8.9012
132.08	77.327	8.9102
132.46	77.746	8.9363
132.49	78.165	8.9381
132.43	78.584	8.9340
133.38	79.003	8.9985
133.75	79.422	9.0233
134.09	79.841	9.0462
134.01	80.260	9.0407
133.86	80.679	9.0306
134.03	81.098	9.0420
134.73	81.517	9.0890
134.73	81.935	9.0893
134.62	82.354	9.0820
135.69	82.773	9.1542
136.83	83.192	9.2309
136.63	83.611	9.2173
137.28	84.030	9.2616
137.75	84.449	9.2930
137.98	84.868	9.3088
137.85	85.289	9.2998
138.40	85.708	9.3372
138.59	86.128	9.3498
138.89	86.547	9.3697
139.18	86.966	9.3896
139.48	87.385	9.4095
139.19	87.804	9.3901
139.88	88.223	9.4366
140.44	88.642	9.4745
140.85	89.061	9.5022
140.56	89.480	9.4828
140.30	89.898	9.4653
140.05	90.316	9.4482
141.05	90.735	9.5156
140.86	91.154	9.5031
140.53	91.573	9.4809
140.22	91.994	9.4599
140.74	92.413	9.4945
141.55	92.832	9.5491
141.68	93.251	9.5578
142.22	93.670	9.5943
143.02	94.089	9.6482
143.33	94.508	9.6696
143.81	94.928	9.7015
144.63	95.347	9.7569
145.28	95.766	9.8009
145.20	96.185	9.7955
146.21	96.603	9.8637
146.93	97.022	9.9122
146.33	97.441	9.8718
147.07	97.858	9.9217
147.70	98.279	9.9643
148.42	98.698	10.013
149.02	99.117	10.053
149.24	99.535	10.068
149.95	99.954	10.116
150.24	100.37	10.136
150.75	100.79	10.170
150.22	101.21	10.134
150.77	101.63	10.172
151.31	102.05	10.208
151.55	102.47	10.224
151.78	102.89	10.240
151.95	103.31	10.251
152.68	103.73	10.301
152.93	104.14	10.317
152.32	104.56	10.276
152.38	104.98	10.280
152.91	105.40	10.316
153.44	105.82	10.351
154.31	106.24	10.410
154.59	106.66	10.429
154.75	107.08	10.440
154.99	107.50	10.456
156.08	107.92	10.530
156.05	108.33	10.528
156.38	108.75	10.550
157.42	109.17	10.620
157.66	109.59	10.636
157.82	110.01	10.647
157.87	110.43	10.650
158.30	110.85	10.679
159.36	111.27	10.751
158.65	111.69	10.703
159.18	112.11	10.739
159.38	112.53	10.752
159.52	112.95	10.762
161.06	113.36	10.866
160.53	113.78	10.830
160.62	114.20	10.836
161.03	114.62	10.864
161.38	115.04	10.887
161.81	115.46	10.916
162.41	115.88	10.957
163.01	116.30	10.997
163.45	116.72	11.027
163.86	117.14	11.055
163.68	117.56	11.042
164.03	117.97	11.066
164.26	118.39	11.082
165.76	118.81	11.183
166.40	119.23	11.226
166.06	119.65	11.203
166.37	120.07	11.224
167.41	120.49	11.294
167.89	120.91	11.327
168.73	121.33	11.383
169.00	121.75	11.401
168.74	122.17	11.384
168.87	122.58	11.392
168.15	123.00	11.344
167.91	123.42	11.327
168.12	123.84	11.342
169.33	124.26	11.424
170.07	124.68	11.474
170.57	125.10	11.507
170.29	125.52	11.488
171.27	125.94	11.554
171.89	126.36	11.596
172.51	126.78	11.638
172.45	127.19	11.634
172.88	127.61	11.663
173.26	128.03	11.689
173.29	128.45	11.690
173.98	128.87	11.737
174.00	129.29	11.738
175.11	129.71	11.813
176.11	130.13	11.881
176.06	130.54	11.877
176.26	130.96	11.891
176.90	131.38	11.934
177.45	131.80	11.971
178.69	132.22	12.055
178.96	132.64	12.073
179.42	133.06	12.104
179.87	133.48	12.135
180.29	133.90	12.163
180.61	134.32	12.184
181.08	134.74	12.216
181.30	135.15	12.231
181.73	135.57	12.260
182.17	135.99	12.289
183.15	136.41	12.356
182.81	136.83	12.333
182.90	137.25	12.339
183.00	137.67	12.346
184.00	138.09	12.413
184.27	138.51	12.431
184.68	138.93	12.459
184.87	139.34	12.472
185.20	139.76	12.494
185.89	140.18	12.541
186.33	140.60	12.570
186.22	141.02	12.563
186.64	141.44	12.591
187.26	141.86	12.633
188.36	142.28	12.707
187.94	142.70	12.679
188.23	143.12	12.698
188.04	143.54	12.685
188.19	143.95	12.696
188.45	144.37	12.713
188.52	144.79	12.718
189.01	145.21	12.751
189.13	145.63	12.759
189.34	146.05	12.773
189.54	146.47	12.787
189.93	146.89	12.813
190.80	147.31	12.872
191.84	147.73	12.942
192.47	148.15	12.985
192.94	148.57	13.017
194.28	148.98	13.107
194.58	149.40	13.127
195.02	149.82	13.156
195.33	150.24	13.177
195.82	150.66	13.210
196.10	151.08	13.229
196.38	151.50	13.248
196.72	151.92	13.271
197.50	152.34	13.324
197.74	152.76	13.340
198.57	153.18	13.396
199.44	153.59	13.455
199.50	154.01	13.459
199.75	154.43	13.476
200.07	154.85	13.497
200.05	155.27	13.496
200.33	155.69	13.515
200.60	156.11	13.533
200.45	156.53	13.523
200.99	156.95	13.560
201.47	157.37	13.592
202.50	157.78	13.662
204.25	158.20	13.779
204.44	158.62	13.792
205.09	159.04	13.836
205.73	159.46	13.879
206.29	159.88	13.917
206.66	160.30	13.942
207.67	160.72	14.010
208.16	161.13	14.043
208.64	161.55	14.076
208.85	161.97	14.089
209.70	162.39	14.147
209.78	162.81	14.152
209.80	163.23	14.154
210.32	163.65	14.189
210.15	164.07	14.177
210.49	164.49	14.200
210.89	164.91	14.227
210.99	165.33	14.234
210.82	165.75	14.223
211.07	166.16	14.239
212.59	166.58	14.342
213.13	167.00	14.378
213.83	167.42	14.425
213.44	167.84	14.399
214.19	168.26	14.450
215.58	168.68	14.544
215.84	169.10	14.561
216.66	169.52	14.616
216.90	169.94	14.633
217.14	170.35	14.649
217.38	170.77	14.665
216.56	171.20	14.609
216.20	171.61	14.585
216.74	172.03	14.622
216.49	172.45	14.605
216.48	172.87	14.604
217.24	173.29	14.656
218.34	173.71	14.730
219.66	174.13	14.819
220.13	174.55	14.851
220.81	174.96	14.897
222.42	175.38	15.005
223.24	175.80	15.061
224.35	176.22	15.136
224.92	176.64	15.174
226.28	177.06	15.265
226.81	177.48	15.301
227.38	177.90	15.340
227.70	178.32	15.361
228.45	178.73	15.412
228.85	179.15	15.439
229.11	179.57	15.456
229.34	179.99	15.472
229.57	180.41	15.487
229.80	180.83	15.503
230.03	181.25	15.519
230.31	181.67	15.538
230.38	182.09	15.542
231.48	182.51	15.616
232.00	182.93	15.651
232.52	183.35	15.686
233.00	183.76	15.718
233.31	184.18	15.740
234.30	184.60	15.806
234.63	185.02	15.829
233.92	185.44	15.781
234.73	185.86	15.835
235.77	186.28	15.906
235.59	186.70	15.894
236.28	187.12	15.940
236.72	187.54	15.970
237.50	187.96	16.022
238.24	188.37	16.072
238.75	188.79	16.107
238.87	189.21	16.115
239.86	189.63	16.182
240.51	190.05	16.226
240.71	190.47	16.239
241.36	190.89	16.283
242.03	191.31	16.328
243.90	191.73	16.454
243.62	192.14	16.436
244.60	192.56	16.502
245.13	192.98	16.537
245.16	193.40	16.539
245.19	193.82	16.541
245.74	194.24	16.578
245.94	194.66	16.592
246.97	195.08	16.661
247.38	195.50	16.689
247.98	195.92	16.729
248.86	196.33	16.789
249.88	196.75	16.858
250.01	197.17	16.867
251.33	197.59	16.956
252.00	198.01	17.001
252.10	198.43	17.008
252.65	198.85	17.044
253.75	199.27	17.119
254.22	199.69	17.150
254.02	200.11	17.137
255.42	200.52	17.231
255.74	200.94	17.253
256.19	201.36	17.283
256.46	201.78	17.302
256.78	202.20	17.323
257.34	202.62	17.361
257.95	203.04	17.402
258.88	203.46	17.465
259.06	203.88	17.477
259.07	204.30	17.478
259.48	204.72	17.505
260.37	205.13	17.565
260.41	205.55	17.568
260.79	205.97	17.593
261.56	206.39	17.646
263.27	206.81	17.761
263.86	207.23	17.801
263.25	207.65	17.760
263.64	208.07	17.786
264.27	208.49	17.828
264.90	208.91	17.871
266.87	209.33	18.004
267.76	209.74	18.064
267.27	210.16	18.031
267.59	210.58	18.052
268.36	211.00	18.104
268.55	211.42	18.117
268.79	211.84	18.134
269.70	212.26	18.195
270.07	212.68	18.220
270.66	213.10	18.259
271.28	213.52	18.302
271.73	213.94	18.332
272.20	214.36	18.363
272.77	214.78	18.402
273.19	215.19	18.430
273.58	215.61	18.456
272.29	216.03	18.370
272.62	216.45	18.392
272.82	216.87	18.405
273.62	217.29	18.459
274.78	217.71	18.537
275.54	218.13	18.589
275.55	218.55	18.589
276.53	218.97	18.655
277.36	219.38	18.711
277.97	219.80	18.753
278.41	220.22	18.782
279.23	220.64	18.838
279.89	221.06	18.882
279.74	221.48	18.872
279.58	221.90	18.861
279.67	222.32	18.867
280.31	222.73	18.910
281.85	223.15	19.014
282.28	223.57	19.043
282.49	223.99	19.058
283.63	224.41	19.134
284.42	224.83	19.187
285.04	225.25	19.230
285.62	225.67	19.269
286.81	226.09	19.349
287.57	226.51	19.400
288.38	226.93	19.455
289.07	227.34	19.501
289.71	227.76	19.545
289.70	228.18	19.544
290.67	228.60	19.609
290.96	229.02	19.629
292.28	229.44	19.718
293.53	229.86	19.802
294.44	230.28	19.864
295.25	230.70	19.918
295.54	231.11	19.938
296.11	231.53	19.976
296.82	231.95	20.025
297.70	232.37	20.084
297.53	232.79	20.072
298.71	233.21	20.152
298.81	233.63	20.158
299.20	234.05	20.185
299.87	234.47	20.230
299.99	234.89	20.238
301.05	235.31	20.310
301.49	235.73	20.339
302.45	236.15	20.404
303.69	236.57	20.488
303.94	236.98	20.504
304.50	237.40	20.542
305.06	237.82	20.580
305.42	238.24	20.604
305.56	238.66	20.614
307.08	239.08	20.717
306.60	239.50	20.684
306.76	239.92	20.695
307.09	240.34	20.717
307.32	240.76	20.733
307.62	241.17	20.753
308.07	241.59	20.783
308.52	242.01	20.814
308.98	242.43	20.844
309.45	242.85	20.876
309.44	243.27	20.875
309.86	243.69	20.904
309.84	244.11	20.903
310.43	244.52	20.942
311.56	244.94	21.019
311.81	245.36	21.036
311.89	245.78	21.041
312.89	246.20	21.108
313.60	246.62	21.156
314.02	247.04	21.185
314.26	247.46	21.201
315.69	247.88	21.298
315.66	248.30	21.295
316.28	248.72	21.337
316.59	249.14	21.358
316.97	249.55	21.384
318.77	249.97	21.505
318.88	250.39	21.512
319.46	250.81	21.551
319.51	251.23	21.555
319.85	251.65	21.578
320.30	252.07	21.608
321.07	252.49	21.660
320.70	252.91	21.636
320.88	253.33	21.648
321.02	253.74	21.657
322.46	254.16	21.754
323.04	254.58	21.793
323.60	255.00	21.831
324.15	255.42	21.868
322.94	255.84	21.786
323.33	256.26	21.812
323.00	256.68	21.790
322.84	257.10	21.779
323.83	257.52	21.847
323.89	257.93	21.851
323.94	258.35	21.854
323.53	258.77	21.826
324.50	259.19	21.892
325.33	259.61	21.947
326.29	260.03	22.013
327.09	260.45	22.066
327.50	260.87	22.094
327.92	261.29	22.122
328.43	261.71	22.157
328.03	262.13	22.130
329.08	262.55	22.200
329.06	262.96	22.200
329.89	263.38	22.255
330.56	263.80	22.300
331.20	264.22	22.343
331.88	264.64	22.390
332.78	265.06	22.450
332.37	265.48	22.423
333.24	265.90	22.481
334.17	266.32	22.544
334.50	266.74	22.566
335.22	267.16	22.615
336.18	267.57	22.679
337.23	267.99	22.750
337.08	268.41	22.741
337.87	268.83	22.794
338.39	269.25	22.829
339.00	269.67	22.870
339.62	270.09	22.912
340.24	270.51	22.953
340.85	270.93	22.995
341.48	271.35	23.037
341.96	271.77	23.069
342.36	272.18	23.097
341.64	272.60	23.048
342.48	273.02	23.105
343.15	273.44	23.150
343.51	273.86	23.174
344.18	274.28	23.220
344.96	274.70	23.272
345.35	275.12	23.298
345.54	275.54	23.311
345.72	275.95	23.323
345.75	276.37	23.325
346.12	276.79	23.350
346.49	277.21	23.375
346.86	277.63	23.400
347.21	278.05	23.424
347.53	278.47	23.445
348.27	278.89	23.495
348.69	279.31	23.524
349.37	279.73	23.570
349.94	280.14	23.608
350.01	280.56	23.613
350.07	280.98	23.617
349.67	281.40	23.590
350.13	281.82	23.620
351.04	282.24	23.682
352.15	282.66	23.757
352.91	283.08	23.809
353.65	283.50	23.858
354.37	283.91	23.907
354.14	284.33	23.891
354.41	284.76	23.909
354.64	285.18	23.925
354.86	285.59	23.940
356.18	286.01	24.029
356.74	286.43	24.067
357.08	286.85	24.089
357.20	287.27	24.097
357.36	287.69	24.109
358.33	288.11	24.174
358.52	288.53	24.187
358.81	288.95	24.207
359.73	289.36	24.268
359.96	289.78	24.284
359.98	290.20	24.285
359.93	290.62	24.282
360.37	291.04	24.311
361.14	291.46	24.363
361.63	291.88	24.396
361.03	292.30	24.356
361.69	292.71	24.401
361.83	293.13	24.410
362.37	293.55	24.447
363.12	293.97	24.497
364.07	294.39	24.561
363.46	294.81	24.520
363.86	295.23	24.547
363.78	295.65	24.542
363.83	296.07	24.545
363.99	296.49	24.556
364.21	296.91	24.570
364.86	297.33	24.615
365.33	297.74	24.646
366.29	298.16	24.711
366.87	298.58	24.750
366.80	299.00	24.746
367.24	299.42	24.775
367.68	299.84	24.805
368.01	300.26	24.827
368.08	300.68	24.832
368.29	301.10	24.846
368.69	301.52	24.873
369.31	301.93	24.914
369.65	302.35	24.938
370.08	302.77	24.967
370.50	303.19	24.995
370.81	303.61	25.016
371.43	304.03	25.058
371.74	304.45	25.078
371.71	304.87	25.077
372.82	305.29	25.151
372.57	305.71	25.134
372.86	306.13	25.154
373.29	306.54	25.183
374.27	306.96	25.249
374.79	307.38	25.284
374.84	307.80	25.288
375.24	308.22	25.315
376.02	308.64	25.367
376.31	309.06	25.387
376.65	309.48	25.410
376.62	309.90	25.408
377.66	310.32	25.478
378.48	310.74	25.533
379.04	311.16	25.571
379.45	311.57	25.599
378.72	311.99	25.549
379.87	312.41	25.627
379.90	312.83	25.629
380.80	313.25	25.690
381.36	313.67	25.728
382.62	314.09	25.813
382.57	314.51	25.809
383.19	314.92	25.851
383.63	315.34	25.881
384.16	315.76	25.917
384.64	316.18	25.949
385.10	316.60	25.980
385.31	317.02	25.994
386.06	317.44	26.044
387.06	317.86	26.112
387.04	318.28	26.111
387.82	318.70	26.163
388.58	319.11	26.215
389.99	319.53	26.309
389.41	319.95	26.270
390.45	320.37	26.341
391.29	320.79	26.397
391.83	321.21	26.434
392.73	321.63	26.495
392.90	322.05	26.506
393.15	322.47	26.523
393.24	322.89	26.529
393.07	323.31	26.518
393.46	323.73	26.544
393.82	324.14	26.568
394.19	324.56	26.593
394.84	324.98	26.637
394.51	325.40	26.615
394.51	325.82	26.615
394.74	326.24	26.630
394.90	326.66	26.641
394.36	327.08	26.605
394.30	327.50	26.601
394.30	327.92	26.601
395.61	328.34	26.689
395.80	328.75	26.702
396.32	329.17	26.737
397.10	329.59	26.789
397.88	330.01	26.842
399.35	330.43	26.941
400.24	330.85	27.001
401.61	331.27	27.094
402.29	331.69	27.139
403.26	332.11	27.205
404.21	332.53	27.269
405.13	332.95	27.331
406.83	333.36	27.446
406.58	333.78	27.429
407.17	334.20	27.469
407.95	334.62	27.521
408.55	335.04	27.562
409.87	335.46	27.651
410.00	335.88	27.660
409.88	336.30	27.652
410.28	336.72	27.678
410.60	337.13	27.700
410.27	337.55	27.678
410.06	337.97	27.664
409.89	338.39	27.652
409.66	338.81	27.637
409.34	339.23	27.616
410.19	339.65	27.673
409.30	340.07	27.613
408.85	340.49	27.582
409.05	340.90	27.595
410.11	341.32	27.667
410.50	341.74	27.693
410.94	342.16	27.723
411.68	342.58	27.773
412.19	343.00	27.807
412.82	343.42	27.850
413.80	343.84	27.916
414.83	344.26	27.985
415.64	344.68	28.040
416.21	345.10	28.079
416.59	345.52	28.105
417.67	345.93	28.177
418.66	346.35	28.244
419.32	346.77	28.289
419.66	347.19	28.311
419.91	347.61	28.329
420.46	348.03	28.365
421.00	348.45	28.402
421.83	348.87	28.458
422.16	349.29	28.480
422.07	349.70	28.474
422.13	350.12	28.478
422.21	350.54	28.483
422.29	350.96	28.489
423.10	351.38	28.543
423.88	351.80	28.596
424.46	352.22	28.635
425.04	352.64	28.675
425.74	353.06	28.721
425.97	353.48	28.737
426.72	353.90	28.788
427.38	354.31	28.832
427.68	354.73	28.853
428.12	355.15	28.882
428.66	355.57	28.918
429.40	355.99	28.968
429.50	356.41	28.976
430.36	356.83	29.034
430.91	357.25	29.070
430.95	357.67	29.073
430.98	358.09	29.075
431.27	358.51	29.095
431.96	358.93	29.141
432.33	359.35	29.166
432.65	359.76	29.188
432.76	360.18	29.195
434.12	360.60	29.287
433.76	361.02	29.263
434.61	361.44	29.320
434.75	361.86	29.330
434.91	362.28	29.340
435.06	362.70	29.351
435.36	363.12	29.370
435.69	363.53	29.393
436.25	363.95	29.431
437.10	364.37	29.488
436.94	364.79	29.477
437.57	365.21	29.520
438.96	365.63	29.614
439.39	366.05	29.642
439.81	366.47	29.671
440.14	366.89	29.693
439.79	367.31	29.670
440.79	367.72	29.737
441.85	368.14	29.809
441.96	368.56	29.816
442.50	368.98	29.852
442.09	369.40	29.825
443.24	369.82	29.902
443.91	370.24	29.948
445.14	370.66	30.030
444.65	371.08	29.998
445.66	371.50	30.066
446.26	371.92	30.106
446.37	372.33	30.113
446.99	372.75	30.155
447.60	373.17	30.197
448.33	373.59	30.246
449.09	374.01	30.297
450.06	374.43	30.362
449.96	374.85	30.356
450.81	375.27	30.413
451.18	375.69	30.438
450.94	376.11	30.422
451.39	376.52	30.452
451.83	376.94	30.482
452.27	377.36	30.511
453.24	377.78	30.577
453.29	378.20	30.580
454.55	378.62	30.665
454.19	379.04	30.641
455.01	379.46	30.696
455.40	379.88	30.723
455.65	380.30	30.739
455.99	380.71	30.762
456.78	381.13	30.816
457.46	381.55	30.862
457.97	381.97	30.896
458.58	382.39	30.937
458.44	382.81	30.928
459.00	383.23	30.965
459.84	383.65	31.022
460.50	384.07	31.067
461.60	384.49	31.141
461.47	384.90	31.132
461.85	385.32	31.158
462.22	385.74	31.183
463.52	386.16	31.271
463.29	386.58	31.255
463.61	387.00	31.276
463.94	387.42	31.299
464.31	387.84	31.324
464.67	388.26	31.348
465.93	388.68	31.433
465.95	389.10	31.434
466.49	389.51	31.471
467.19	389.93	31.518
468.19	390.35	31.586
468.13	390.77	31.581
468.91	391.19	31.634
469.25	391.61	31.657
469.35	392.03	31.664
470.27	392.45	31.726
470.69	392.87	31.754
470.26	393.29	31.725
471.71	393.70	31.823
472.29	394.12	31.862
472.58	394.54	31.882
473.39	394.96	31.936
473.68	395.38	31.956
473.98	395.80	31.976
474.27	396.22	31.996
474.26	396.64	31.995
475.63	397.06	32.087
475.94	397.48	32.109
476.39	397.89	32.139
477.08	398.31	32.185
477.03	398.73	32.182
477.85	399.15	32.237
478.12	399.57	32.255
478.80	399.99	32.301
479.71	400.41	32.363
480.41	400.83	32.410
480.74	401.25	32.432
481.01	401.67	32.450
481.57	402.09	32.488
481.87	402.51	32.508
482.64	402.93	32.560
483.17	403.34	32.596
483.69	403.76	32.631
484.20	404.18	32.665
484.61	404.60	32.693
484.41	405.02	32.679
485.83	405.44	32.775
486.10	405.86	32.794
486.22	406.27	32.802
485.85	406.70	32.777
486.53	407.11	32.823
486.44	407.53	32.817
487.15	407.95	32.864
487.89	408.37	32.914
488.03	408.79	32.924
488.32	409.21	32.943
488.63	409.63	32.964
489.17	410.05	33.000
489.48	410.47	33.022
490.03	410.89	33.058
490.85	411.30	33.114
491.48	411.72	33.157
491.97	412.14	33.189
492.01	412.56	33.193
492.38	412.98	33.218
492.91	413.40	33.253
493.64	413.82	33.302
494.20	414.24	33.340
494.58	414.66	33.366
495.13	415.08	33.403
494.45	415.50	33.357
494.56	415.92	33.364
494.83	416.33	33.383
495.10	416.75	33.401
495.27	417.17	33.412
494.61	417.59	33.368
494.81	418.01	33.381
2.1589	418.43	0.14565
